-1.0
-1.0
-1.0
-1.0
-107330000.806
-0.966261793938
-1.0
-1.0
-1.0
-1.0
-1.0
-1.0
-1.0
-1.0
-1.0
-1.0
-1.0
-1.0
-1.03537412889
-1.64811962343
-1.0
-1.0
-1.0
-1.0
-1.0
-1.0
-1.0
-1.0
-1.0
-1.0
-1.0
-1.0
-1.0
-1.0
-1.0
-1.0
-1.0
-1.0
-1.0
-1.0
-1.0
-1.0
-1.0
-1.0
-1.0
-1.0
-1.0
-1.0
-1.0
-1.0
-1.0
-1.0
-1.03050791071
-1.0
-1.0
-1.0
-1.0
-1.04058443646
-1.04058443646
-1.0
-1.0
-1.0
-1.0
-1.0
-1.03430388117
-1.0
-1.0
-1.0
-1.0
-1.0
-256416559.2
-475087477.286
-1.0
-1.0
-1.0
-1.0
-1.0
-1.0
-0.967229768864
-409220180.579
-1.0
-1.04058443646
-1.0
-1.0
-1.0
-1.03430388117
-1.0
-1.0
-1.0
-1.0
-1.03430388117
-1.0
-1.0
-1.0
-1.0
-1.0
-1.0
-1.0
-1.0
-1.0
-1.0
-1.0
-1.0
-42378599.1399
-1.0
-1.0
-0.947640822685
-1.0
-1.101249007
-1.0
-1.0
-172937942.951
-1.0
-1.0
-1.0
-1.0
-1.0
-1.0
-1.0
-1.0
-1.0
-1.21773992227
-1.21773992227
-1.0
-1.0
-1.0
-1.0
-1.0
-1.0
-1.0
-1.0
-1.0
-1.0
-1.0
-1.0
-1.0
-1.0
-1.0
-1.0
-1.0
-1.0
-1.0
-1.0
-1.0
-1.0
-1.0
-1.0
-1.0
-1.0
-1.0
-1.0
-1.0
-1.0
-1.0
-1.0
-1.0
-1.0
-1.0
-1.0
-1.0
-1.0
-1.0
-1.0
-1.0
-1.0
-1.0
-1.0
-1.0
-1.0
-1.0
-1.0
-1.0
-1.0
-1.0
-1.21773992227
-1.0
-1.21773992227
-1.0
-1.0
-1.0
-175457898.516
-1.0
-1.0
-1.0
-1.0
-1.41375971773
-1.0
-1.0
-1.0
-1.0
-1.0
-1.0
-1.0
-1.0
-1.0
-1.0
-1.0
-1.0
-1.0
-1.0
-1.0
-1.0
-1.0
-1.0
-1.0
-1.0
-1.0
-1.0
-1.0
-150637465.358
-1.0
-1.0
-1.0
-1.0
-1.0
-1.0
-93924384.3981
-1.0
-1.0
-1.0
-1.00245555881
-1.0
-1.14412257103
-1.0
-1.0
-1.0
-1.0
-1.0
-352182519.111
-1.0
-1.0
-1.0
-1.0
-1.0
-1.0
-1.0
-1.101249007
-0.947640822685
-1.101249007
-0.947640822685
-1.0
-1.0
-1.0
-1.0
-1.01822438336
-1.0
-1.0
-1.0
-1.0
-1.0
-1.0
-1.0
-1.0
-1.0
-1.0
-1.0
-1.0
-256416559.2
-1.0
-1.0
-1.0
-1.0
-1.0
-1.0
-1.0
-1.0
-1.0
-1.0
-1.0
-1.0
-1.0
-1.0
-1.0
-1.0
-1.0
-1.0
-1.0
-1.0
-1.0
-1.0
-1.0
-1.0
-1.0
-1.0
-1.0
-1.0
-1.03050791071
-1.0
-1.0
-1.0
-1.0
-1.0
-1.0
-1.0
-1.0
-1.0
-1.0
-1.0
-1.0
-1.0
-1.0
-1.0
-1.0
-1.0
-1.0
-1.0
-1.0
-1.0
-1.0
-93924384.3981
-1.0
-1.0
-1.0
-1.0
-1.0
-1.0
-1.0
-1.0
-1.0
-1.0
-1.0
-1.0
-1.0
-1.0
-1.0
-1.0
-1.0
-1.0
-1.0
-1.0
-1.0
-1.0
-1.0
-1.0
-1.0
-1.0
-22858924.5615
-1.0
-107330000.806
-224084118.693
-1.0
-1.16519547527
-22858924.5615
-22858924.5615
-1.16519547527
-1.0
-1.0
-1.0
-22858924.5615
-22858924.5615
-1.0
-1.0
-1.0
-1.16519547527
-1.0
-1.0
-1.0
-1.0
-1.0
-1.0
-1.64811962343
-1.0
-1.0
-1.0
-1.0
-1.0
-1.0
-1.0
-1.0
-1.0
-1.0
-1.0
-1.0
-1.0
-1.0
-1.0
-1.0
-42378599.1399
-1.0
-1.0
-1.0
-339698895.679
-1.0
-1.0
-1.0
-1.0
-352182519.111
-1.0
-1.0
-1.0
-1.0
-1.0
-1.0
-1.0
-1.0
-1.0
-1.0
-409220180.579
-1.0
-1.0
-1.0
-1.0
-1.16519547527
-1.0
-455443093.057
-1.0
-1.0
-1.0
-1.0
-1.0
-1.0
-1.0
-1.0
-1.0
-1.0
-1.0
-1.03050791071
-1.0
-1.0
-1.0
-1.0
-1.0
-1.0
-0.967229768864
-1.0
-1.0
-1.0
-1.0
-657587031.337
-1.0
-1.0
-1.0
-0.966261793938
-1.00245555881
-0.966261793938
-1.0
-1.0
-1.0
-0.966261793938
-1.0
-1.0
-1.0
-1.0
-1.0
-1.0
-1.0
-1.0
-1.0
-1.0
-1.0
-1.0
-1.0
-1.0
-1.0
-1.0
-1.0
-1.0
-1.0
-1.0
-1.0
-1.0
-106196329.808
-1.0
-1.0
-1.0
-1.0
-1.0
-1.0
-1.0
-1.0
-1.0
-1.0
-1.0
-1.0
-1.0
-1.0
-1.0
-1.0
-1.0
-1.0
-1.0
-1.0
-1.0
-1.0
-1.0
-1.0
-1.0
-1.0
-1.0
-352182519.111
-1.0
-1.0
-1.0
-1.0
-1.0
-1.0
-1.0
-1.0
-1.0
-1.0
-42378599.1399
-1.0
-1.0
-1.0
-1.0
-1.0
-1249387367.08
-1.0
-1.0
-1.0
-1.0
-1.0
-1.0
-1.0
-1.0
-1.0
-1.0
-1.0
-1.0
-1.0
-175457898.516
-339698895.679
-1.0
-1.0
-1.0
-1.0
-1.0
-1.0
-1.0
-1.0
-1.0
-1.0
-1.0
-1.0
-1.0
-1.0
-1.0
-1.0
-1.00245555881
-1.21325224589
-1.0
-1.0
-1.0
-1.0
-1.0
-1.00245555881
-1.0
-1.0
-1.0
-1.0
-1.0
-1.0
-1.0
-1.0
-1.0
-1.0
-1.0
-93924384.3981
-1.0
-1.0
-1.0
-1.0
-1.0
-1.0
-1.0
-1.0
-1.14412257103
-1.0
-1.0
-1.0
-1.0
-1.0
-1.0
-1.0
-1.0
-1.0
-1.0
-93924384.3981
-1.0
-1.0
-1.0
-1.0
-1.0
-1.0
-1.0
-1.0
-1.0
-1.0
-1.0
-1.0
-1.0
-1.0
-1.0
-1.0
-1.0
-1.0
-1.23807988626
-1.23807988626
-1.0
-1.0
-1.0
-1.0
-0.967229768864
-1.12979181646
-1.0
-352182519.111
-1.0
-1.0
-1.0
-1.0
-1.0
-1.0
-1.0
-1.0
-1.0
-1.0
-1.0
-1.0
-1.0
-1.0
-1.0
-1.0
-1.0
-1.0
-1.0
-1.0
-1.0
-1.0
-1.0
-1.0
-1.0
-1.0
-1.01822438336
-1.0
-1.0
-1.0
-0.967229768864
-1.0
-1.0
-1.0
-475087477.286
-1.0
-1.0
-1.0
-1.0
-1.0
-1.0
-1.0
-1.0
-1.0
-1.0
-1.0
-1.0
-1.0
-1.0
-1.0
-1.0
-1.0
-1.0
-1.0
-1.0
-1.0
-1.0
-239935606.63
-1.0
-1.0
-1.0
-1.0
-1.0
-1.0
-157942672.832
-1.0
-1.0
-1.0
-1.0
-1.0
-1.0
-1.0
-1.0
-1.19935421576
-1.0
-1.0
-1.0
-1.0
-1.0
-1.0
-1.0
-1.0
-1.0
-1.0
-1.0
-1.0
-1.0
-1.0
-1.0
-1.0
-1.0
-1.0
-1.00245555881
-1.0
-1.0
-1.0
-1.0
-1.0
-1.0
-337712222.735
-1.0
-1.0
-309680358.58
-1.0
-337712222.735
-1.0
-1.0
-1.0
-1.0
-1.0
-1.0
-1.0
-1.0
-1.0
-1.0
-1.0
-1.0
-1.0
-1.0
-1.0
-1.0
-1.0
-1.0
-1.0
-0.966261793938
-1.0
-1.0
-1.03537412889
-1.0
-1.0
-1.0
-1.0
-1.0
-1.04058443646
-1.0
-1.0
-1.04058443646
-1.0
-1.0
-1.21773992227
-1.0
-1.0
-1.0
-1.0
-1.0
-1.0
-1.0
-1.0
-1.0
-1.0
-1.0
-1.0
-1.0
-1.0
-1.0
-1.0
-1.0
-1.0
-1.0
-1.0
-1.41375971773
-1.41375971773
-2.27800441439
-1.0
-1.0
-1.0
-2.27800441439
-1.0
-1.0
-1.0
-97875652.3362
-1.0
-1.0
-0.947640822685
-42378599.1399
-0.947640822685
-97875652.3362
-1.0
-1.0
-1.0
-1.0
-1.0
-1.0
-1.0
-2.27800441439
-1.0
-1.0
-92406568.3493
-1.0
-1.0
-1.0
-1.0
-1.0
-1.0
-1.0
-1.0
-1.0
-1.0
-1.0
-1.0
-1.0
-1.0
-1.0
-1.0
-1.0
-1.0
-1.41375971773
-1.0
-1.0
-1.0
-1.0
-1.0
-1.0
-1.0
-1.0
-1.0
-1.0
-1.0
-1.0
-1.0
-1.41375971773
-1.0
-1.0
-1.0
-1.0
-1.0
-1.0
-1.0
-1.0
-1.0
-1.0
-1.0
-1.0
-1.0
-1.0
-1.0
-1.0
-1.0
-1.0
-1.0
-1.0
-1.0
-1.0
-1.0
-1.0
-1.0
-1.0
-42378599.1399
-1.0
-1.0
-1.0
-1.0
-340862047.427
-1.0
-1.0
-1.0
-1.3345616826
-1.3345616826
-1.0
-1.0
-1.0
-1.0
-1.0
-1.0
-1.0
-1.0
-1.0
-1.0
-1.0
-1.0
-1.0
-1.0
-1.0
-1.0
-1.0
-1.0
-1.0
-1.0
-1.0
-1.0
-1.0
-1.0
-1.0
-1.0
-1.0
-1.0
-1.0
-1.0
-1.0
-1.0
-0.967229768864
-1.0
-1.0
-1.0
-1.0
-1.0
-1.0
-1.0
-1.0
-1.0
-1.0
-1.0
-1.0
-1.0
-1.0
-1.0
-1.0
-1.0
-1.82326715597
-1.0
-1.0
-1.0
-1.0
-1.0
-1.0
-1.0
-1.0
-1.0
-352182519.111
-1.0
-1.0
-1.0
-1.0
-1.0
-1.0
-1.0
-1.0
-475087477.286
-1.0
-1.0
-1.0
-1.0
-1.0
-1.0
-3.15326253096
-1.0
-1.0
-1.0
-1.0
-1.0
